0257552023213 04996884493336 6106981616657 9.807103 -11.768198 -4.168288
0257552023313 04996984493336 6107081616657 11.308508 -11.761375 -3.746549
0257552023413 04997084493336 6107181616657 9.801422 -12.195626 -1.930862
0257552023513 04997184493336 6107281616657 9.321490 -14.155958 -0.630509
0257552023613 04997284493336 6107381616657 8.903727 -13.239168 0.845971
0257552023713 04997384493336 6107481616657 6.989428 -13.559653 2.101059
0257552023813 04997484493336 6107581616657 8.260118 -15.101095 0.426030
0257552023913 04997584493336 6107681616657 6.972709 -15.584769 0.402029
0257552024013 04997684493336 6107781616657 8.798936 -17.285759 0.350458
0257552024113 04997784493336 6107881616657 8.786361 -15.950167 -0.337991
0257552024213 04997884493336 6107981616657 9.084366 -16.460870 1.233406
0257552024313 04997984493336 6108081616657 9.025528 -18.349917 1.454158
0257552024413 04998084493336 6108181616657 7.745226 -18.056022 2.805982
0257552024513 04998184493336 6108281616657 6.101447 -18.163186 2.614093
0257552024613 04998284493336 6108381616657 8.038765 -16.926858 1.126074
0257552024713 04998384493336 6108481616657 9.081612 -16.267613 1.418545
0257552024813 04998484493336 6108581616657 8.564348 -17.190435 2.841350
0257552024913 04998584493336 6108681616657 6.969046 -18.209157 4.755345
0257552025013 04998684493336 6108781616657 6.052293 -18.164326 4.097132
0257552025113 04998784493336 6108881616657 5.279121 -19.201526 2.310703
0257552025213 04998884493336 6108981616657 7.186793 -19.893659 4.172979
0257552025313 04998984493336 6109081616657 7.686755 -18.769652 3.724230
0257552025413 04999084493336 6109181616657 7.827810 -17.685646 4.967541
0257552025513 04999184493336 6109281616657 9.515918 -17.607800 6.334034
0257552025613 04999284493336 6109381616657 7.699464 -16.741314 6.126081
0257552025713 04999384493336 6109481616657 9.164236 -16.977090 5.439789
0257552025813 04999484493336 6109581616657 7.285465 -15.393888 4.766972
0257552025913 04999584493336 6109681616657 7.426327 -15.901640 3.629553
0257552026013 04999684493336 6109781616657 8.374188 -15.946066 2.568880
0257552026113 04999784493336 6109881616657 9.214617 -14.671735 3.449534
0257552026213 04999884493336 6109981616657 7.878099 -12.890822 2.513706
0257552026313 04999984493336 6110081616657 6.672226 -14.519575 3.983651
0257552026413 05000084493336 6110181616657 5.932924 -15.855378 4.912416
0257552026513 05000184493336 6110281616657 4.026968 -14.539429 3.341891
0257552026613 05000284493336 6110381616657 2.167768 -14.500596 1.593726
0257552026713 05000384493336 6110481616657 2.346201 -14.222814 0.104220
0257552026813 05000484493336 6110581616657 1.702613 -12.763505 -0.675303
0257552026913 05000584493336 6110681616657 1.235582 -10.854496 1.062041
0257552027013 05000684493336 6110781616657 0.077902 -8.915656 1.103821
0257552027113 05000784493336 6110881616657 -0.692289 -6.984400 -0.879860
0257552027213 05000884493336 6110981616657 -0.303093 -5.637078 -1.715149
0257552027313 05000984493336 6111081616657 1.460593 -6.581036 -2.828979
0257552027413 05001084493336 6111181616657 2.633641 -5.361677 -1.168099
0257552027513 05001184493336 6111281616657 0.895884 -4.180893 -2.359958
