3596795065080 46142620955321 8811198114545 6.673844 -8.830784 -7.869895
3596795065180 46142720955321 8811298114545 6.337437 -9.606588 -6.440912
3596795065280 46142820955321 8811398114545 6.561150 -9.724593 -5.412622
3596795065380 46142920955321 8811498114545 8.419381 -10.213636 -4.251662
3596795065480 46143020955321 8811598114545 8.629618 -9.564493 -5.142003
3596795065580 46143120955321 8811698114545 9.026599 -9.712716 -7.072712
3596795065680 46143220955321 8811798114545 8.753878 -9.404601 -6.474683
3596795065780 46143320955321 8811898114545 8.782619 -7.882037 -5.522889
3596795065880 46143420955321 8811998114545 10.585472 -9.491249 -4.376003
3596795065980 46143520955321 8812098114545 11.838311 -8.645164 -3.882509
3596795066080 46143620955321 8812198114545 11.416989 -7.840832 -5.296245
3596795066180 46143720955321 8812298114545 10.351417 -8.648363 -4.283963
3596795066280 46143820955321 8812398114545 10.921380 -8.299600 -4.773261
3596795066380 46143920955321 8812498114545 8.979668 -7.825107 -4.431397
3596795066480 46144020955321 8812598114545 9.388563 -6.603556 -2.833369
3596795066580 46144120955321 8812698114545 9.232828 -7.625874 -1.013215
