7264551804135 37636287293739 3222511141373 -5.415351 -12.064873 -9.322470
7264551804235 37636387293739 3222611141373 -6.800547 -10.084441 -10.475774
7264551804335 37636487293739 3222711141373 -6.333866 -9.442163 -10.548999
7264551804435 37636587293739 3222811141373 -6.842390 -9.986039 -9.521313
7264551804535 37636687293739 3222911141373 -8.722705 -11.571386 -8.805407
7264551804635 37636787293739 3223011141373 -9.610632 -10.133873 -8.327844
7264551804735 37636887293739 3223111141373 -10.566902 -11.092940 -6.362519
7264551804835 37636987293739 3223211141373 -9.904168 -9.385274 -8.082783
7264551804935 37637087293739 3223311141373 -8.025944 -11.109241 -8.462797
7264551805035 37637187293739 3223411141373 -7.850310 -11.697253 -10.088126
7264551805135 37637287293739 3223511141373 -6.273798 -10.417499 -9.633572
7264551805235 37637387293739 3223611141373 -6.932978 -8.480554 -11.573203
7264551805335 37637487293739 3223711141373 -6.238929 -7.576375 -10.163698
7264551805435 37637587293739 3223811141373 -6.841056 -6.419906 -11.122807
7264551805535 37637687293739 3223911141373 -7.155050 -5.322332 -10.610128
7264551805635 37637787293739 3224011141373 -6.384046 -6.018190 -10.846684
7264551805735 37637887293739 3224111141373 -6.753135 -4.415720 -10.996499
7264551805835 37637987293739 3224211141373 -5.133262 -6.400140 -12.456986
7264551805935 37638087293739 3224311141373 -6.530731 -5.784966 -12.612693
7264551806035 37638187293739 3224411141373 -6.116417 -5.392322 -12.538439
7264551806135 37638287293739 3224511141373 -7.317117 -5.195353 -13.667130
7264551806235 37638387293739 3224611141373 -8.529533 -6.529610 -13.158530
7264551806335 37638487293739 3224711141373 -8.665623 -4.752362 -13.230498
7264551806435 37638587293739 3224811141373 -9.586494 -3.644549 -12.337881
7264551806535 37638687293739 3224911141373 -8.720249 -2.888706 -10.506531
7264551806635 37638787293739 3225011141373 -9.604272 -4.036396 -9.502285
7264551806735 37638887293739 3225111141373 -11.154088 -4.538461 -7.873535
7264551806835 37638987293739 3225211141373 -10.412447 -4.901060 -6.041535
7264551806935 37639087293739 3225311141373 -11.330199 -3.833903 -4.714926
7264551807035 37639187293739 3225411141373 -11.063686 -3.940092 -4.169586
7264551807135 37639287293739 3225511141373 -12.637931 -2.727572 -3.626806
7264551807235 37639387293739 3225611141373 -10.716700 -2.456478 -4.111320
7264551807335 37639487293739 3225711141373 -10.730471 -1.499202 -5.344934
7264551807435 37639587293739 3225811141373 -9.115696 -2.534808 -3.898245
7264551807535 37639687293739 3225911141373 -8.740292 -3.750549 -3.836905
7264551807635 37639787293739 3226011141373 -7.214822 -2.613739 -3.814410
7264551807735 37639887293739 3226111141373 -7.159372 -3.920922 -2.072607
7264551807835 37639987293739 3226211141373 -5.159788 -3.562185 -3.300454
7264551807935 37640087293739 3226311141373 -5.934287 -4.236905 -4.247735
7264551808035 37640187293739 3226411141373 -6.178681 -4.980154 -6.132773
7264551808135 37640287293739 3226511141373 -7.671110 -5.832586 -5.065190
7264551808235 37640387293739 3226611141373 -7.200225 -6.200793 -4.215295
7264551808335 37640487293739 3226711141373 -5.304557 -7.121747 -4.982925
7264551808435 37640587293739 3226811141373 -6.062168 -6.645721 -4.787228
7264551808535 37640687293739 3226911141373 -6.716567 -5.825322 -6.294578
7264551808635 37640787293739 3227011141373 -5.044887 -7.165072 -6.227984
