3257087510391 77191670964532 9271665214418 -0.662737 0.302699 0.262027
3257087510491 77191770964532 9271765214418 -1.249547 0.920366 -0.637905
3257087510591 77191870964532 9271865214418 -2.393390 2.479246 -0.044483
3257087510691 77191970964532 9271965214418 -4.289893 1.731071 1.352146
3257087510791 77192070964532 9272065214418 -4.715690 0.379110 2.069869
3257087510891 77192170964532 9272165214418 -6.342276 0.564605 3.075842
3257087510991 77192270964532 9272265214418 -6.800413 1.085675 4.034172
3257087511091 77192370964532 9272365214418 -5.505404 2.100635 2.431995
3257087511191 77192470964532 9272465214418 -3.722898 2.383927 2.794709
3257087511291 77192570964532 9272565214418 -3.622174 1.168582 3.322527
3257087511391 77192670964532 9272665214418 -4.924793 0.809157 1.586074
3257087511491 77192770964532 9272765214418 -5.699456 1.605150 2.173242
3257087511591 77192870964532 9272865214418 -5.331317 2.983282 2.706541
3257087511691 77192970964532 9272965214418 -5.322841 1.154817 2.268722
3257087511791 77193070964532 9273065214418 -4.097552 1.612863 2.738979
3257087511891 77193170964532 9273165214418 -4.140015 1.778450 3.400496
3257087511991 77193270964532 9273265214418 -3.312815 2.365216 1.436576
