2374227363370 73053697111278 8543009884961 1.377662 -12.055595 -5.693302
2374227363470 73053797111278 8543109884961 1.685220 -13.999879 -4.817628
2374227363570 73053897111278 8543209884961 -0.196361 -13.977047 -4.102853
2374227363670 73053997111278 8543309884961 0.510334 -13.447793 -4.354067
2374227363770 73054097111278 8543409884961 1.373312 -12.424577 -3.451043
2374227363870 73054197111278 8543509884961 -0.543294 -12.760997 -4.843027
2374227363970 73054297111278 8543609884961 1.425707 -11.577453 -4.096312
2374227364070 73054397111278 8543709884961 0.623769 -12.334679 -2.369375
2374227364170 73054497111278 8543809884961 0.587231 -11.101888 -2.499951
2374227364270 73054597111278 8543909884961 -0.004074 -11.982320 -4.017565
2374227364370 73054697111278 8544009884961 -0.360575 -11.773140 -3.561220
2374227364470 73054797111278 8544109884961 -0.624066 -12.003269 -3.707796
2374227364570 73054897111278 8544209884961 -0.613691 -12.358811 -3.954847
2374227364670 73054997111278 8544309884961 0.724716 -10.963608 -3.632135
2374227364770 73055097111278 8544409884961 0.220744 -11.834852 -3.669540
2374227364870 73055197111278 8544509884961 -1.416019 -13.459207 -2.460884
2374227364970 73055297111278 8544609884961 -2.708778 -15.447121 -2.195312
2374227365070 73055397111278 8544709884961 -1.659102 -17.025068 -4.157823
2374227365170 73055497111278 8544809884961 -2.382726 -18.976932 -3.906893
