5506846726991 92015998080924 3847090971369 1.277329 4.672556 -2.687053
5506846727091 92016098080924 3847190971369 -0.014340 4.520049 -3.079747
5506846727191 92016198080924 3847290971369 1.620679 3.112733 -3.738981
5506846727291 92016298080924 3847390971369 0.025949 4.214113 -5.592993
5506846727391 92016398080924 3847490971369 0.703556 3.420717 -4.846418
5506846727491 92016498080924 3847590971369 2.313516 1.643050 -3.553820
5506846727591 92016598080924 3847690971369 4.087931 0.323679 -2.734787
5506846727691 92016698080924 3847790971369 5.492717 -0.897558 -2.641394
5506846727791 92016798080924 3847890971369 4.955547 -0.093294 -1.506830
5506846727891 92016898080924 3847990971369 5.535131 0.545372 -1.274125
5506846727991 92016998080924 3848090971369 3.654372 0.478267 -1.588907
5506846728091 92017098080924 3848190971369 4.594311 1.248951 0.311840
5506846728191 92017198080924 3848290971369 3.176330 1.378609 -0.983258
5506846728291 92017298080924 3848390971369 4.712133 0.508514 0.038076
5506846728391 92017398080924 3848490971369 4.774997 -0.010507 1.744137
5506846728491 92017498080924 3848590971369 4.539506 -1.260618 0.349087
5506846728591 92017598080924 3848690971369 4.760367 -1.768490 -1.170414
5506846728691 92017698080924 3848790971369 6.088595 -3.629833 -2.102367
5506846728791 92017798080924 3848890971369 4.293964 -5.021732 -2.046740
5506846728891 92017898080924 3848990971369 5.723183 -3.728947 -3.555279
5506846728991 92017998080924 3849090971369 4.752624 -4.538737 -4.158222
5506846729091 92018098080924 3849190971369 6.312467 -3.998230 -5.181877
5506846729191 92018198080924 3849290971369 7.470457 -2.725375 -5.436281
5506846729291 92018298080924 3849390971369 9.055517 -1.836831 -6.345147
5506846729391 92018398080924 3849490971369 9.928648 -2.592904 -8.130651
5506846729491 92018498080924 3849590971369 10.928988 -2.302906 -9.453515
5506846729591 92018598080924 3849690971369 10.694306 -2.273140 -10.956364
5506846729691 92018698080924 3849790971369 10.773779 -3.734349 -10.296992
5506846729791 92018798080924 3849890971369 12.634131 -4.778118 -8.610749
5506846729891 92018898080924 3849990971369 11.663476 -5.516012 -8.711292
5506846729991 92018998080924 3850090971369 11.314123 -4.316463 -8.721168
5506846730091 92019098080924 3850190971369 9.652952 -2.667471 -7.009354
