9173179588912 39374398044248 6079018561508 0.094061 -10.374580 -5.188162
9173179589012 39374498044248 6079118561508 -1.600220 -9.343804 -6.645745
9173179589112 39374598044248 6079218561508 0.185496 -8.357659 -4.678251
9173179589212 39374698044248 6079318561508 0.194899 -7.166851 -6.439077
9173179589312 39374798044248 6079418561508 -1.316584 -8.513629 -5.290773
9173179589412 39374898044248 6079518561508 -1.522256 -9.793294 -6.743971
9173179589512 39374998044248 6079618561508 -0.508759 -7.973984 -4.935498
9173179589612 39375098044248 6079718561508 -2.156094 -9.340804 -4.310131
9173179589712 39375198044248 6079818561508 -0.501356 -7.749885 -5.633620
9173179589812 39375298044248 6079918561508 -1.728859 -6.143741 -7.050000
9173179589912 39375398044248 6080018561508 -0.124946 -5.828313 -8.419295
9173179590012 39375498044248 6080118561508 0.790099 -5.427279 -9.884695
9173179590112 39375598044248 6080218561508 2.775900 -6.845943 -11.391555
9173179590212 39375698044248 6080318561508 2.520599 -5.396258 -11.044179
9173179590312 39375798044248 6080418561508 3.254973 -4.514807 -9.088912
9173179590412 39375898044248 6080518561508 4.319846 -3.883401 -9.716126
9173179590512 39375998044248 6080618561508 6.083895 -4.080895 -9.153375
9173179590612 39376098044248 6080718561508 7.776301 -4.024822 -9.797583
9173179590712 39376198044248 6080818561508 7.066338 -2.090516 -9.255065
9173179590812 39376298044248 6080918561508 7.095952 -3.023602 -10.609022
9173179590912 39376398044248 6081018561508 5.878640 -2.827587 -11.041314
9173179591012 39376498044248 6081118561508 4.176813 -1.580767 -10.155230
9173179591112 39376598044248 6081218561508 4.608773 -0.023944 -11.411723
9173179591212 39376698044248 6081318561508 4.660017 1.456678 -11.289816
9173179591312 39376798044248 6081418561508 4.085382 1.196627 -11.535261
9173179591412 39376898044248 6081518561508 4.462004 2.296377 -11.049892
9173179591512 39376998044248 6081618561508 2.756793 1.891920 -11.043969
9173179591612 39377098044248 6081718561508 1.237825 2.862350 -9.201451
9173179591712 39377198044248 6081818561508 0.813236 3.407958 -10.122289
9173179591812 39377298044248 6081918561508 0.346705 3.336079 -9.911665
