2779942649704 02854495348026 0928662753861 -10.427155 0.254433 -3.245557
2779942649804 02854595348026 0928762753861 -11.775194 0.493901 -1.858775
2779942649904 02854695348026 0928862753861 -12.063860 -0.694386 -2.640290
2779942650004 02854795348026 0928962753861 -10.514828 -0.128718 -3.959368
2779942650104 02854895348026 0929062753861 -10.948334 -0.235413 -3.998651
2779942650204 02854995348026 0929162753861 -9.734927 -0.713462 -3.516031
2779942650304 02855095348026 0929262753861 -10.104765 -1.593879 -3.125303
2779942650404 02855195348026 0929362753861 -8.751363 -1.969902 -3.767502
2779942650504 02855295348026 0929462753861 -6.949564 -2.364729 -2.633362
2779942650604 02855395348026 0929562753861 -8.876742 -2.595249 -0.921494
2779942650704 02855495348026 0929662753861 -7.749767 -3.536891 -2.531112
2779942650804 02855595348026 0929762753861 -7.830209 -3.127659 -3.814707
2779942650904 02855695348026 0929862753861 -8.556201 -1.549699 -5.682624
2779942651004 02855795348026 0929962753861 -8.077267 -3.480688 -3.785548
2779942651104 02855895348026 0930062753861 -7.207611 -3.311377 -5.782271
2779942651204 02855995348026 0930162753861 -5.318424 -3.316654 -6.371320
2779942651304 02856095348026 0930262753861 -3.816815 -5.062657 -7.258751
2779942651404 02856195348026 0930362753861 -4.923406 -7.014750 -8.472219
2779942651504 02856295348026 0930462753861 -6.908238 -5.443553 -6.491387
2779942651604 02856395348026 0930562753861 -6.260725 -6.679551 -6.069066
2779942651704 02856495348026 0930662753861 -5.390328 -5.406105 -4.093289
2779942651804 02856595348026 0930762753861 -6.838322 -6.636117 -6.035654
2779942651904 02856695348026 0930862753861 -5.874402 -6.760892 -6.245660
2779942652004 02856795348026 0930962753861 -5.390783 -7.738451 -6.669847
2779942652104 02856895348026 0931062753861 -7.297352 -7.860246 -7.417599
2779942652204 02856995348026 0931162753861 -6.857936 -9.563472 -9.104351
2779942652304 02857095348026 0931262753861 -7.096674 -9.238436 -10.225758
2779942652404 02857195348026 0931362753861 -8.840949 -8.248690 -9.244005
2779942652504 02857295348026 0931462753861 -8.994522 -6.500445 -9.693073
2779942652604 02857395348026 0931562753861 -9.503345 -5.935763 -10.688469
2779942652704 02857495348026 0931662753861 -10.788665 -7.149866 -9.448190
2779942652804 02857595348026 0931762753861 -9.054303 -5.232439 -9.023569
2779942652904 02857695348026 0931862753861 -7.295992 -5.744569 -9.013915
2779942653004 02857795348026 0931962753861 -6.210086 -7.579359 -10.949208
2779942653104 02857895348026 0932062753861 -5.839654 -7.401743 -11.156900
2779942653204 02857995348026 0932162753861 -4.287309 -8.140887 -12.436159
2779942653304 02858095348026 0932262753861 -4.794498 -8.342714 -12.561115
2779942653404 02858195348026 0932362753861 -4.878525 -8.034557 -10.784691
